3.74706113922 0.421848900101 7.81129227775
-3.74706113922 -0.421848900101 -7.81129227775
13.24664596 26.9033575341 23.0148549037
0.959368291308 0.264166901095 0.099137934203
-0.198544182898 0.382382636772 0.902421036176
0.200481143925 -0.885437387657 0.419294578392
-2.12260645958 -1.49274722281 11.9639339369
2.12260645958 1.49274722281 -11.9639339369
22.4559838557 28.6974432871 25.5350672666
0.710997008558 0.602701453515 0.362262628149
-0.249080089297 -0.265913228856 0.931262188557
0.657603499791 -0.752357038015 -0.0389425783913
2.45034160872 2.85324420344 3.10834491129
-2.45034160872 -2.85324420344 -3.10834491129
23.9737827882 28.1016237237 17.0388875611
0.0744866082471 0.924655974474 0.373447551954
0.953372448639 -0.175857125399 0.245265663357
0.29245977393 0.337765599662 -0.894640531341
-0.182443582826 1.11520470486 9.00373726793
0.182443582826 -1.11520470486 -9.00373726793
22.1910160945 28.1136171478 21.106086336
0.713290213643 0.639355442673 0.28712660804
-0.678472809895 0.527158615072 0.51164288404
0.175760397571 -0.559757458619 0.809802364881
2.76998557189 -0.159134134293 11.0793906183
-2.76998557189 0.159134134293 -11.0793906183
20.139535521 20.4782240236 13.2398929107
0.903652315002 0.350782036513 0.245691791585
-0.42825941329 0.736764334639 0.523232443693
0.00252359281527 -0.578040031542 0.816004505756
3.21120941561 3.91533396442 9.88788770811
-3.21120941561 -3.91533396442 -9.88788770811
26.1102680748 29.8907335325 10.7463974141
0.0432977194754 0.0291449815918 0.998637009897
0.339587234914 0.939629820719 -0.0421462916411
-0.939577467467 0.340949219187 0.0307865646778
2.43416452951 -3.25487467229 5.99119751129
-2.43416452951 3.25487467229 -5.99119751129
22.8979462336 19.375913423 24.7871880907
0.480286802514 0.465370409419 0.74347492854
0.696523253868 0.312813044069 -0.645757970359
-0.533085306637 0.827996607178 -0.173901335102
-3.970780801 1.97387740091 5.68890421408
3.970780801 -1.97387740091 -5.68890421408
15.5124056247 16.7143274615 26.9785169883
0.511607146462 0.836091282342 0.198013876484
0.74600720106 -0.546581222439 0.380423741693
0.426299640694 -0.0469077271673 -0.903364976893
2.83551646903 2.12251076572 8.880754508
-2.83551646903 -2.12251076572 -8.880754508
22.1044328307 19.8265141227 15.4766174904
0.095842083966 0.803433960405 0.587629276167
0.994000867706 -0.108501546503 -0.0137727777294
0.0526931678777 0.585424022119 -0.809013068117
-1.13120294509 -2.1977217818 3.04118091977
1.13120294509 2.1977217818 -3.04118091977
26.4489998332 25.2479754289 16.4258732799
0.766342382412 0.500645050347 0.402584011707
0.00914422223677 -0.635092882845 0.772381650066
0.642367290667 -0.588227476171 -0.491276602494
1.45523160731 -1.33239753638 11.6157038105
-1.45523160731 1.33239753638 -11.6157038105
28.8804351123 24.4915683957 24.5701206442
0.188728192368 0.692094794277 0.696696824408
-0.167050254431 -0.676480623004 0.717264371899
0.967716839732 -0.251751390137 -0.0120563536772
-3.53034647902 -0.929815507793 8.46011757254
3.53034647902 0.929815507793 -8.46011757254
12.9151257276 13.0566696844 15.8375750133
0.882634185589 0.403431507296 0.241246582048
-0.253472784242 -0.0237316460527 0.967051372278
0.395864171247 -0.914702043234 0.0813125453191
1.99756913184 -3.05682701275 8.89776715225
-1.99756913184 3.05682701275 -8.89776715225
16.4162624367 10.312720743 10.3670768329
0.302080836207 0.930244109183 0.208310023107
-0.579073277809 0.00548320918899 0.815257059672
0.757245869797 -0.36690030219 0.540335877884
2.29015209387 0.411443488738 6.02709267774
-2.29015209387 -0.411443488738 -6.02709267774
12.234609207 21.0516817428 23.1368362331
0.0172863899055 0.725412819549 0.688096956801
0.519213840113 0.581620857743 -0.626206168984
-0.854469524886 0.368094307309 -0.366590250781
-1.23966001654 -0.709935496249 6.54626227623
1.23966001654 0.709935496249 -6.54626227623
13.5149402553 27.4027401432 23.7229308526
0.852353364765 0.522912251935 0.0075178686813
-0.310187134949 0.493930579799 0.812290910728
0.421043564119 -0.694690837075 0.583204044909
0.307695650343 2.96141091066 8.83410541771
-0.307695650343 -2.96141091066 -8.83410541771
26.0040855779 15.6941192821 21.4325214716
0.286314848675 0.819111854193 0.4970709987
0.143205898327 -0.549546662832 0.8230981327
0.947373146185 -0.164481718408 -0.274645018519
-1.10580132805 -1.68403665619 5.71911885028
1.10580132805 1.68403665619 -5.71911885028
18.21907446 23.2981430741 16.6976827703
0.944353668331 0.241493466926 0.223331714141
-0.296512142724 0.331061179377 0.895811947189
0.142396272165 -0.912183863561 0.384244584519
0.612538332023 2.32275967977 10.1077105522
-0.612538332023 -2.32275967977 -10.1077105522
19.1704664637 10.1453219652 29.1152397196
0.62557133193 0.670496914731 0.398866388661
0.500819915907 -0.73713752271 0.453660318348
0.598197225418 -0.0840366583648 -0.796930310349
-0.36033167772 0.741502486738 5.84972209557
0.36033167772 -0.741502486738 -5.84972209557
26.8673794772 12.8106733884 15.4198139042
0.160059153768 0.985065224555 0.0634631441718
0.984034290291 -0.16429996998 0.0684254002235
0.0778304749186 0.0514977983787 -0.995635673294
0.619483710804 2.96460544643 7.71184244664
-0.619483710804 -2.96460544643 -7.71184244664
15.1579136741 21.6852523626 10.8554926478
0.191026198652 0.852539516596 0.486503200474
0.94705996378 -0.0297835812606 -0.319672274826
-0.258043439044 0.521813482894 -0.813095488019
-3.9445233782 -1.36612373002 6.90664579591
3.9445233782 1.36612373002 -6.90664579591
18.839530536 13.3038542175 14.9351486781
0.551878613368 0.770352173679 0.319354856884
-0.517130940855 0.0157093306835 0.855762120534
0.654221358653 -0.63742509006 0.407042587998
3.70413272068 -2.27458023788 10.6026822362
-3.70413272068 2.27458023788 -10.6026822362
18.748743206 13.0903512777 18.2784385796
0.171955868955 0.858090582149 0.483850939813
0.752404173666 0.202633520516 -0.626759615653
-0.635860942803 0.471826460883 -0.610786912293
-0.585613098871 -1.39259531821 4.54876753179
0.585613098871 1.39259531821 -4.54876753179
10.1080971208 20.6984408143 28.3584494286
0.38951311011 0.450977197302 0.803056103
-0.52685263843 0.824276721324 -0.20735038959
-0.755450749177 -0.342326531541 0.558665115585
-2.98604579287 -1.324661786 4.99284585924
2.98604579287 1.324661786 -4.99284585924
18.4824432763 24.2303709341 25.6698379571
0.355086064717 0.362292578369 0.861776058093
0.503589101446 0.702528674742 -0.502843393185
-0.78759882145 0.612533712397 0.0670115484632
-2.70329748403 -0.56310487071 3.45860233277
2.70329748403 0.56310487071 -3.45860233277
27.6018658285 16.8006655569 26.3879703
0.119326970116 0.131774092071 0.984071472436
0.781510656018 0.598858455828 -0.174956121393
-0.612374206456 0.789939325861 -0.0315228920781
1.27981589778 -0.214129740782 9.58322670053
-1.27981589778 0.214129740782 -9.58322670053
17.9962674287 24.130356555 17.9029222543
0.838470807028 0.373152543735 0.39714466491
-0.0289036845425 0.758203789207 -0.651376689061
-0.544179458251 0.534681394044 0.646517226438
-3.33739351664 1.14841396144 9.93614908426
3.33739351664 -1.14841396144 -9.93614908426
28.5141016151 19.5420378568 17.1151703301
0.0289475716571 0.0860699646744 0.995868464847
0.944908766149 0.322620312962 -0.0553494111955
-0.326051317664 0.942607073411 -0.0719891894955
-2.39783060112 -3.15215998821 6.05385273783
2.39783060112 3.15215998821 -6.05385273783
26.3178543828 11.6776685626 18.7327873993
0.750432264575 0.0939054750083 0.654242445923
0.221632657741 0.896793015961 -0.382937660131
-0.622679999122 0.43237026758 0.65216989382
-1.96566695215 0.851369384927 2.37991497689
1.96566695215 -0.851369384927 -2.37991497689
22.9103895239 18.6284821676 14.3650677971
0.0947224534243 0.75819800664 0.64510730855
0.987533229323 -0.153402972629 0.0352937525875
0.125721031655 0.633721792837 -0.763276431893
3.59633769854 1.12896423134 6.70572667629
-3.59633769854 -1.12896423134 -6.70572667629
19.4350298863 13.0260946461 14.1010688051
0.942839758027 0.263535176958 0.203966666859
-0.239073064439 0.96129871096 -0.136926469929
-0.232157835414 0.0803367836861 0.969354806375
-3.69270030113 -3.33984851977 3.70658189928
3.69270030113 3.33984851977 -3.70658189928
21.2285223943 20.2564327011 27.9291499791
0.5218854479 0.282239389478 0.804969879124
0.538197289772 -0.841085483818 -0.0540267174059
0.661800012506 0.461428364904 -0.590850748928
-0.83568689025 2.7651466982 10.7844099037
0.83568689025 -2.7651466982 -10.7844099037
12.0111717926 12.6781556314 21.9224846118
0.32521603039 0.898114406024 0.296015282154
0.244043646466 -0.382139247238 0.891298095106
0.91360671637 -0.217623779518 -0.343456923633
2.25441407084 1.13672130965 9.49434697181
-2.25441407084 -1.13672130965 -9.49434697181
20.7905222076 13.8070242684 18.1902222481
0.75678966297 0.31858235688 0.570766754381
-0.645095389547 0.504890325053 0.573530904183
-0.105457784951 -0.802241261437 0.587611788548
2.57117963467 0.34993051392 3.21138491067
-2.57117963467 -0.34993051392 -3.21138491067
13.2663981359 21.4417844559 11.3844313625
0.945345797225 0.182998369341 0.269875750091
-0.24738264791 -0.136672324987 0.959230160647
0.212422101444 -0.973566778604 -0.0839319868525
0.129552790327 -2.7389072897 6.67202319693
-0.129552790327 2.7389072897 -6.67202319693
26.0096945606 26.5387865691 14.5449629194
0.616494637916 0.459085838961 0.639667533869
0.398230451606 0.51903809238 -0.756314726865
-0.679225197438 0.720999064579 0.137162239851
3.04342151005 -0.499932894551 9.32161091303
-3.04342151005 0.499932894551 -9.32161091303
27.5979359858 17.0364804958 29.3505591153
0.81242337348 0.220892934051 0.539605943174
-0.231847098101 0.971535341062 -0.0486415888897
-0.534990827328 -0.0855885083059 0.840511404992
-0.262137206545 -1.10492386306 10.7290108867
0.262137206545 1.10492386306 -10.7290108867
28.637810744 21.6336246625 27.4297882567
0.848279770238 0.457924551417 0.265944611931
0.158076854774 -0.698285120446 0.698147261362
0.505403936857 -0.550184510662 -0.664728414345
-3.94120650151 3.86945733323 7.70559379798
3.94120650151 -3.86945733323 -7.70559379798
24.4856165582 14.6346485742 15.9937133139
0.803891636852 0.243868941119 0.542481498078
0.0432829828047 0.885672658004 -0.462288358347
-0.593198802762 0.395109962443 0.701429467573
-0.427158298438 -3.89634091074 10.1034133742
0.427158298438 3.89634091074 -10.1034133742
22.0723975333 22.8451308221 17.1274432607
0.0304986225023 0.382985505933 0.923250743986
0.999466725463 -0.0224659668319 -0.0236969413051
0.0116661355371 0.92348112194 -0.383466450557
-1.44062261243 0.83078213087 11.0053134984
1.44062261243 -0.83078213087 -11.0053134984
19.1177981334 27.6565678383 13.5149856575
0.423884935298 0.306127084607 0.85241291033
0.028687681981 0.936137885089 -0.350460949327
-0.905261607785 0.173008867318 0.388032670402
-0.724503740547 3.5135938783 4.99036203802
0.724503740547 -3.5135938783 -4.99036203802
16.3630803522 17.544808106 13.0410304417
0.852757499296 0.500182025826 0.150408073036
-0.418826243339 0.482782842929 0.769093820326
0.312072468001 -0.718845371143 0.621186048701
2.44830776932 -1.24415156438 7.87540446401
-2.44830776932 1.24415156438 -7.87540446401
17.0701036131 25.5024028057 25.425670042
0.659950311014 0.72478787812 0.197858835341
0.630813660087 -0.677593238803 0.37807608887
0.408092775284 -0.124699376335 -0.904383962873
1.13539983759 1.38405423784 4.62459798408
-1.13539983759 -1.38405423784 -4.62459798408
15.3395458375 24.332469423 16.8651652368
0.854108404058 0.450349672589 0.260161500834
-0.291240865551 -0.000293447671259 0.956649712341
0.430903228521 -0.892852219736 0.130909592323
1.94972052727 -3.96086235063 4.18325516529
-1.94972052727 3.96086235063 -4.18325516529
15.1832693436 24.1203213922 24.034557346
0.185882871595 0.847174112856 0.497738466019
0.494873199033 -0.518346171291 0.697436565995
0.848851032235 0.116675915318 -0.515595438167
-2.9450826269 -3.95626557098 9.22712628452
2.9450826269 3.95626557098 -9.22712628452
24.9030919445 13.0944247223 13.6025070443
0.0315671058629 0.668294070074 0.74322712123
0.532197162203 -0.64065942703 0.553463349374
0.84603173603 0.37807212865 -0.375887971565
3.61202687567 0.0808675615349 3.16345183137
-3.61202687567 -0.0808675615349 -3.16345183137
14.7395368573 25.4305339886 23.0055146495
0.943357584775 0.243399277637 0.225462322559
-0.301258551145 0.913101585011 0.27475221712
-0.138995512913 -0.327112040585 0.934707419621
-1.09815813776 -2.23234978269 7.29352634183
1.09815813776 2.23234978269 -7.29352634183
12.5348070533 27.8050233575 16.9811020865
0.673464218498 0.707836289023 0.213104984325
0.126373931695 -0.394284412208 0.91025789295
0.728337542483 -0.586095205774 -0.354988498374
-3.86204527067 -0.118538559387 5.57540103476
3.86204527067 0.118538559387 -5.57540103476
12.0353951537 14.0606811937 21.3180860372
0.891032567256 0.254028181176 0.376205591743
-0.413283355489 0.796783564165 0.440831963398
-0.187770690381 -0.548275145384 0.81494572383
1.25500332079 -0.84423228735 5.22194570312
-1.25500332079 0.84423228735 -5.22194570312
27.8236614573 13.6272940391 22.0173507134
0.742459540709 0.363019552387 0.563001452037
-0.116812518626 -0.75740227255 0.6424146893
0.659627672178 -0.542732532765 -0.519935315184
-0.473351609979 -3.61401800476 11.540819703
0.473351609979 3.61401800476 -11.540819703
18.1702596451 24.3243774925 14.0144673866
0.276706582905 0.880190270963 0.385614514611
-0.542052072663 -0.188382628831 0.81895759089
0.793481579811 -0.435634103413 0.42498224721
-2.70754792216 2.09892502695 4.95816411125
2.70754792216 -2.09892502695 -4.95816411125
20.343916371 25.8260871267 11.0036002246
0.36613627008 0.787471943757 0.495814652393
0.246776519525 0.431569682133 -0.867668691883
-0.897243323265 0.440040392758 -0.0363162718086
3.26442365933 3.94939604956 11.9652753573
-3.26442365933 -3.94939604956 -11.9652753573
24.4251755458 29.7423487983 11.0928967666
0.31611061879 0.815142244814 0.485404158828
0.639217355418 -0.561069852578 0.525929456354
0.7010529575 0.144026876827 -0.698413208303
-2.45268473866 -3.31507228996 10.9290868335
2.45268473866 3.31507228996 -10.9290868335
18.1924154076 16.6884075626 25.9624076088
0.591880741199 0.706260948797 0.388423300541
-0.777896034837 0.626721112818 0.0458083587681
-0.211080428233 -0.32926603067 0.920341748409
2.61387293197 1.7535151695 7.68601655794
-2.61387293197 -1.7535151695 -7.68601655794
14.1433314571 24.8751492954 22.1825955707
0.483049375324 0.494646194062 0.722487677196
0.0947162805922 0.790779645123 -0.604728351452
-0.870455126465 0.360544997967 0.335134565885
-1.21113658344 -0.776650698352 11.2378877031
1.21113658344 0.776650698352 -11.2378877031
23.9760866884 15.2242129354 17.1257368652
0.77219765072 0.608701319479 0.18219081175
-0.62791703736 0.774905819451 0.0723958919651
-0.0971132453117 -0.170304652446 0.980594382474
-1.98343908484 -0.038838751633 7.99990279506
1.98343908484 0.038838751633 -7.99990279506
16.0997678896 23.8699070177 21.6179465338
0.597704118284 0.75617054711 0.266375469346
-0.0493102593841 -0.296953479179 0.953617915899
0.80019890359 -0.583116399089 -0.140203351627
3.1703724633 -3.88466592501 11.1918791556
-3.1703724633 3.88466592501 -11.1918791556
10.50088997 18.539426869 19.3913902389
0.581196956571 0.608354460405 0.540476593553
-0.500131464456 -0.256892288541 0.82696727284
0.641933498062 -0.750940212396 0.154952190924
0.762241898713 -3.71555878004 9.4407277837
-0.762241898713 3.71555878004 -9.4407277837
15.9816161436 15.1127763935 28.2271436692
0.255932002149 0.483403406636 0.83714990099
-0.288723418819 -0.788240681562 0.543429310359
0.922571188419 -0.380785732904 -0.0621661315749
0.661633281443 3.60635382598 2.9184434732
-0.661633281443 -3.60635382598 -2.9184434732
15.9285934234 17.5413628458 19.8148309385
0.701707832083 0.0106491445898 0.71238522873
0.289851134575 0.909135451746 -0.299097058099
-0.650839794557 0.416364415023 0.634860800273
-0.569899118203 3.34227731191 7.03357597604
0.569899118203 -3.34227731191 -7.03357597604
12.9314516995 27.603437227 19.9750584249
0.883347171066 0.325982740282 0.336798201312
-0.394239385441 0.128076079922 0.910039463276
0.253521364654 -0.936659901346 0.241650878074
-2.6517117553 0.505411873841 6.98947492556
2.6517117553 -0.505411873841 -6.98947492556
15.8652944603 17.6358091058 21.0921073716
0.168814492559 0.550727326003 0.817435673002
0.862896131804 0.318232720478 -0.392604382726
-0.47635273991 0.771639389878 -0.421498184063
0.908027767861 0.6439102446 11.6349351363
-0.908027767861 -0.6439102446 -11.6349351363
15.8543596586 18.9758047697 25.2279918154
0.684377824578 0.722382689976 0.0989456540184
-0.261048806148 0.11605204787 0.958324289056
0.680794032021 -0.681685537039 0.26800058686
3.76110629295 -3.71489519522 2.39642445116
-3.76110629295 3.71489519522 -2.39642445116
15.2681521256 14.8630509036 25.962040741
0.282963974562 0.888975743921 0.360074319856
0.724441716566 -0.444129050516 0.527194068429
0.628582204965 0.1116759294 -0.769683635264
-3.38630307608 0.268887499952 10.9985057621
3.38630307608 -0.268887499952 -10.9985057621
29.4246903453 17.8548861738 14.1618242837
0.755642651239 0.440882079831 0.484383293799
-0.257742699848 0.880022840051 -0.398909139608
-0.602140253017 0.176586501952 0.778616929578
-2.4161891314 1.72143313016 7.92694808686
2.4161891314 -1.72143313016 -7.92694808686
26.4970092009 19.4754311969 13.5663802131
0.381406081173 0.433607919499 0.816402825443
0.788426411765 0.30849063727 -0.532181660666
-0.482610810567 0.846650871885 -0.224207731044
3.3141266399 -1.98454066871 5.93499911791
-3.3141266399 1.98454066871 -5.93499911791
29.4505556087 15.8740042851 21.4155843757
0.616760460632 0.723329185549 0.310485786363
0.784334007014 -0.598065734759 -0.164734763631
0.0665334475444 0.345126449638 -0.93619497655
-2.16317923573 1.81268818114 11.3283748523
2.16317923573 -1.81268818114 -11.3283748523
17.3877998686 10.945650607 22.4800983954
0.0539972885578 0.974610736244 0.217297504877
0.944481401507 -0.120481458563 0.305678099232
0.324097477676 0.18872766342 -0.927007386175
-2.38654643831 2.92120616393 2.95546405679
2.38654643831 -2.92120616393 -2.95546405679
14.2722726256 23.1442765935 26.5205736004
0.210862406122 0.969693383632 0.123417127761
0.299878132342 -0.184337892858 0.935998208866
0.930381723502 -0.160356736675 -0.329659772456
-1.23270055231 -3.11774564015 8.04210837695
1.23270055231 3.11774564015 -8.04210837695
19.0236598342 25.8762636873 15.0532846335
0.453674360411 0.878422842532 0.15017617795
-0.594328750105 0.172665282064 0.785468037013
0.664042853666 -0.445600729452 0.600405761471
1.12388054931 -0.235546236949 7.69571752755
-1.12388054931 0.235546236949 -7.69571752755
22.7691330644 21.8894547847 25.2663223604
0.775140995416 0.558689359509 0.294995994544
-0.567398710795 0.820960695483 -0.0638924053437
-0.277876123865 -0.117854724316 0.953359913014
2.55381187141 -0.988728037011 3.45733277626
-2.55381187141 0.988728037011 -3.45733277626
27.0540144568 11.8463508711 17.3829112063
0.381365648591 0.402599608999 0.832150104794
-0.901466884818 0.361334344284 0.238316905018
-0.204738119684 -0.841041643722 0.500730721919
2.05966332548 3.04623111675 4.56449835445
-2.05966332548 -3.04623111675 -4.56449835445
23.4554662333 11.9351526238 15.0949436834
0.346915433372 0.539245811465 0.767374508897
0.910828658577 0.00144266858584 -0.412782113737
-0.223698092978 0.842147180441 -0.490660055103
1.99533877895 2.31427991311 10.2650517955
-1.99533877895 -2.31427991311 -10.2650517955
27.0854619169 23.2085301282 28.7876587904
0.514892686805 0.811253604184 0.277043517831
-0.206663457149 -0.196176240328 0.958543216663
0.831970995019 -0.550801663422 0.0666467629961
-2.36855355508 -3.37354262033 2.50268038749
2.36855355508 3.37354262033 -2.50268038749
22.3554097943 28.2250756318 18.2677810441
0.659325078968 0.735185268373 0.157458125896
-0.56769846706 0.349480180106 0.745373768126
0.492959319561 -0.580832355228 0.647784597207
-2.72608882557 2.8622066628 8.71585814348
2.72608882557 -2.8622066628 -8.71585814348
17.3351275622 14.8794623645 24.5487835761
0.761116094488 0.0306038074882 0.647893276458
-0.246755014798 0.93744044659 0.245595952267
-0.599845191182 -0.346797947031 0.721052654493
-3.34925486768 -1.77095854021 10.7222543272
3.34925486768 1.77095854021 -10.7222543272
13.6218809117 22.3988384856 21.4297943722
0.85461405473 0.179761677113 0.487155577716
-0.47216294821 -0.121404513613 0.873111158108
0.216094812054 -0.976189880872 -0.0188772002003
-1.90077079527 -0.734602403287 9.03348851257
1.90077079527 0.734602403287 -9.03348851257
19.9969084278 25.8558021174 17.1199838522
0.598876544353 0.248325000175 0.7613682282
0.0162732843729 0.946740660517 -0.321585605927
-0.800676004911 0.204980038081 0.562939711824
3.39422462848 1.60158856463 3.87324690114
-3.39422462848 -1.60158856463 -3.87324690114
12.8766282972 10.879243205 23.7046444693
0.156977365428 0.360345193604 0.919515877073
0.973049298734 0.10281444953 -0.206407972717
-0.168917639626 0.927135659121 -0.334494096524
0.0187345038198 -3.49253109235 2.40262877003
-0.0187345038198 3.49253109235 -2.40262877003
25.3138115469 16.8599255836 25.2026502061
0.732246882935 0.35841328997 0.579097933
-0.601892390284 0.738434098342 0.304040511978
-0.318653499825 -0.571187356284 0.756442298573
1.48917151533 1.9691768008 7.51355354707
-1.48917151533 -1.9691768008 -7.51355354707
25.249816704 26.3702096699 23.0278719912
0.741555458321 0.618319054617 0.26034025607
-0.122005194916 -0.257292322854 0.958600747451
0.659704657136 -0.74261848031 -0.115358389618
-0.811964249936 3.12931818211 2.04042140506
0.811964249936 -3.12931818211 -2.04042140506
24.0154973798 27.9315644811 13.3468510999
0.943296970926 0.110619039368 0.312976441239
-0.324293319519 0.508428968283 0.79770535107
-0.0708848894818 -0.853969210417 0.515472521191
2.8139324461 3.81848526501 5.75833181406
-2.8139324461 -3.81848526501 -5.75833181406
23.3551896736 23.8854945495 23.6796559087
0.581142753951 0.346826059527 0.736196158617
-0.62694089382 0.767580441822 0.133286837269
-0.518862424142 -0.539010157386 0.663513251599
-0.728207595832 0.674715555702 4.4985365987
0.728207595832 -0.674715555702 -4.4985365987
26.3920872654 13.2070675766 20.0660129171
0.628319577077 0.606401959014 0.487330661015
0.118423874745 -0.693678619869 0.710482764201
0.76888900041 -0.388698644764 -0.507664326703
-3.72257827688 1.14641678291 2.75703547215
3.72257827688 -1.14641678291 -2.75703547215
29.1650228812 16.4062213071 14.7455495357
0.362572350329 0.632409751435 0.684543057131
-0.871546618387 -0.0300597108066 0.489390340899
0.330072390175 -0.774050592711 0.5402757603
3.64596370373 -0.250383927576 4.86642746253
-3.64596370373 0.250383927576 -4.86642746253
26.6614730805 23.5518220597 18.3968510852
0.759298430899 0.355364517204 0.545143974328
-0.49372838679 0.860311583818 0.126871032257
-0.423908212838 -0.365486030732 0.82868678548
-2.59435667395 -1.87773713613 2.9257821714
2.59435667395 1.87773713613 -2.9257821714
29.6733532351 22.4172556175 23.3640155896
0.0400570319446 0.519349624364 0.853622517196
0.879422356517 0.387245493666 -0.276870450742
-0.474354037667 0.761785334138 -0.441215765404
3.64969583397 -3.10826696933 4.33399923301
-3.64969583397 3.10826696933 -4.33399923301
13.6562844104 13.4275524966 13.396935564
0.483133563226 0.875403962669 0.0158070309553
0.109122346785 -0.0781178888005 0.990954039742
0.8687199051 -0.4770382559 -0.133267508759
1.16450069166 -3.06655523831 2.16417109198
-1.16450069166 3.06655523831 -2.16417109198
10.4437094466 26.9793258564 12.1890037039
0.449657673957 0.562402048438 0.693910593784
0.798381935787 0.095266628967 -0.594567535284
-0.400492522853 0.821357538054 -0.406174265335
-0.0680920256241 -1.48528566993 8.66675075056
0.0680920256241 1.48528566993 -8.66675075056
25.1870657631 10.4703099705 13.8483458347
0.314739246214 0.914401015166 0.254578063382
0.80497642544 -0.399259897316 0.438867279347
0.502943497203 0.0668005827669 -0.861734019732
-3.83023056215 -3.27933005314 7.09828200465
3.83023056215 3.27933005314 -7.09828200465
23.5111038068 10.15847228 28.0048840417
0.39726260155 0.896436472131 0.196428299495
0.573125191351 -0.409518036959 0.709804545241
0.716735614051 -0.169400793499 -0.676456525368
-1.63447156887 3.50640186782 10.2217175916
1.63447156887 -3.50640186782 -10.2217175916
11.9280967861 19.0402230345 11.2664862455
0.113255204622 0.947156208309 0.300113937844
0.82635178225 -0.257503373465 0.50083404899
0.551648430251 0.191277624715 -0.811847818057
-3.20240989347 2.18391846356 3.75337355705
3.20240989347 -2.18391846356 -3.75337355705
29.7028354425 24.0581519754 11.7333979922
0.126845179743 0.922348180482 0.364944015347
0.808841409011 -0.309149435153 0.500202160945
0.574182789228 0.23173359857 -0.785247517569
1.68212748716 -2.46039885585 9.93468575696
-1.68212748716 2.46039885585 -9.93468575696
13.9076804488 20.6638994657 29.5362113167
0.143253502676 0.625804984006 0.766711520693
0.948642700664 0.133959840243 -0.286586440152
-0.282055775421 0.768389798992 -0.574475113784
-0.0549897975564 -0.779895852394 3.07785204822
0.0549897975564 0.779895852394 -3.07785204822
23.0458324746 10.0714730483 22.2599758699
0.626901376388 0.654679356254 0.422361935759
0.756019822922 -0.642154434788 -0.126774245145
0.188225108932 0.398788944653 -0.897518070008
0.807887369573 3.3299882403 5.64927343688
-0.807887369573 -3.3299882403 -5.64927343688
17.3073791261 16.6078102327 22.0492839817
0.510753663623 0.853456366985 0.103648081256
0.645424641567 -0.460284652467 0.609561375714
0.567941658231 -0.244438680156 -0.785933842311
3.18797933639 -3.29353359526 7.29450765019
-3.18797933639 3.29353359526 -7.29450765019
21.4814454002 19.7760802757 27.9885624218
0.436337969746 0.620949586485 0.65117646395
0.891548287898 -0.396051435573 -0.21973827779
0.12145298063 0.676435415561 -0.726418820015
1.40213005557 -2.7600874623 3.49667194806
-1.40213005557 2.7600874623 -3.49667194806
16.0516569488 14.9702383992 10.5497091982
0.782589769553 0.283593596724 0.554191234583
0.621893391002 -0.315642551644 -0.716671744817
-0.0283171824009 0.90550784176 -0.423383615285
3.91180199728 -2.39462001102 11.7152848568
-3.91180199728 2.39462001102 -11.7152848568
18.4653947731 27.3041352097 21.782252834
0.54212299246 0.102913586438 0.833973293801
-0.200945194542 0.979554006427 0.00974562894875
-0.815918923568 -0.172866255295 0.551718739888
0.130542420992 2.09151941518 6.10194704977
-0.130542420992 -2.09151941518 -6.10194704977
15.9962623499 19.1030991924 22.5225386174
0.142861204651 0.477604838363 0.866881938085
0.894613189037 0.312362516024 -0.31952605619
-0.423388613695 0.821171892454 -0.38264710222
2.07905121495 -3.66993371517 2.74387426055
-2.07905121495 3.66993371517 -2.74387426055
29.3221707496 11.3384809817 24.4668030024
0.330058362705 0.940200361463 0.0841710016128
0.822346977909 -0.330170809882 0.463392581108
0.463472680028 -0.0837288278063 -0.882146562801
-2.72751604296 -1.76206936317 6.53568451474
2.72751604296 1.76206936317 -6.53568451474
27.3779468223 29.901005237 10.3668178063
0.733858690102 0.674669959678 0.079195129076
-0.498912410661 0.456185238433 0.736872739844
0.461018252838 -0.580271896394 0.671376717504
-2.46256721688 -0.851431041245 7.32658623265
2.46256721688 0.851431041245 -7.32658623265
26.7200959975 18.6553380288 20.5554620602
0.208237647905 0.851424519435 0.481366149309
-0.434621223236 -0.360345009379 0.825382254794
0.876208579225 -0.381087603998 0.295009768943
3.64247425499 0.493685782445 11.8087749139
-3.64247425499 -0.493685782445 -11.8087749139
24.1493374001 19.5335026073 18.0178769313
0.214080295601 0.934516551699 0.284338603845
-0.145789635812 -0.257258992362 0.95528173485
0.965875255468 -0.245960617681 0.0811687466016
3.62504894533 2.16758508184 2.30969526517
-3.62504894533 -2.16758508184 -2.30969526517
13.7505014522 26.7105019539 23.5289213993
0.918092888803 0.147722987619 0.367808872185
-0.044824863482 0.960696918289 -0.273956498012
-0.393822522391 0.235030530183 0.88863067173
3.2108001341 2.83488374409 10.9314921144
-3.2108001341 -2.83488374409 -10.9314921144
24.4888323882 27.9379287873 22.6831777008
0.262279660246 0.696227014498 0.668189586947
0.928744066242 -0.370120710616 0.0210978433094
0.261999693207 0.615043578826 -0.743691842704
0.809868820506 -3.41424874093 11.4426322344
-0.809868820506 3.41424874093 -11.4426322344
24.8815342014 19.0839628678 16.9686614061
0.639677188509 0.741831859409 0.201242606986
-0.332692002086 0.0311935982636 0.942519491138
0.692913505604 -0.66986002403 0.266755359754
-2.05717202856 2.21753655482 10.1407213548
2.05717202856 -2.21753655482 -10.1407213548
21.8121827056 14.0111003022 28.330303371
0.559426716926 0.629585597277 0.539132380858
-0.630292065028 0.745532032505 -0.216596170953
-0.538306289348 -0.218641176839 0.813893343527
-2.63264343467 -3.04523639094 4.69788227706
2.63264343467 3.04523639094 -4.69788227706
21.2188663735 25.5551304626 16.9355217544
0.666417293082 0.263413310878 0.697496537005
-0.569532143549 -0.423888323334 0.704238472966
0.481166425414 -0.866563394677 -0.132464161421
-2.48903677765 1.06270331033 4.0558527039
2.48903677765 -1.06270331033 -4.0558527039
14.9820171285 21.1090586922 28.2314723753
0.832355523164 0.393729620111 0.390078542483
-0.17506531525 0.854543996429 -0.488985371523
-0.525867301184 0.338720451722 0.780212815282
2.4930142755 -2.49266713281 7.4829943676
-2.4930142755 2.49266713281 -7.4829943676
24.941395064 10.1779702915 16.0417128629
0.533373826749 0.31266639918 0.785972062966
-0.708690835971 0.672466050535 0.213416751658
-0.461811281748 -0.670842107877 0.580259602548
2.46827927069 -1.25000781522 2.35741774885
-2.46827927069 1.25000781522 -2.35741774885
27.332097597 25.3954861837 12.6943252352
0.794407665869 0.55224146901 0.252875108135
-0.591980602795 0.610796500651 0.525819931827
0.135924340437 -0.567412543656 0.812137660116
1.01088512028 0.355384899331 2.4837077141
-1.01088512028 -0.355384899331 -2.4837077141
17.5780054155 25.4596361459 16.8657024094
0.069026538796 0.247263548871 0.966486458437
0.333007270953 0.907518721881 -0.25596079178
-0.940394329223 0.339515105461 -0.0196976833515
-3.38992702273 3.82898123519 4.22493895345
3.38992702273 -3.82898123519 -4.22493895345
13.2764976499 15.4454497214 16.2938527401
0.814694290854 0.243000207306 0.526520760939
-0.576946718421 0.431035021133 0.693787643779
-0.0583583460532 -0.868999257656 0.491359943056
2.51656517193 0.698367709466 10.5701540954
-2.51656517193 -0.698367709466 -10.5701540954
28.1437151169 27.0585421809 20.9686426294
0.965403193445 0.110486343545 0.236197887324
-0.138129184838 0.984955896101 0.103837425965
-0.221171884249 -0.132870804262 0.966140956068
3.26925146754 -2.85386532399 8.7784851146
-3.26925146754 2.85386532399 -8.7784851146
14.0592564267 14.3317081552 19.1948380779
0.115630348467 0.948056393763 0.296342195372
-0.0724303832381 -0.289501431981 0.954433214251
0.990648001107 -0.131825623932 0.0351929364701
3.91692319708 -1.74044009698 4.21659090453
-3.91692319708 1.74044009698 -4.21659090453
11.8348085773 23.6702140201 19.2385801792
0.511203739798 0.266285149712 0.8171676422
-0.645881276819 0.74629873656 0.160858857586
-0.567016853957 -0.610024929697 0.55349929763
-1.40514819406 -3.93097289737 5.15072021865
1.40514819406 3.93097289737 -5.15072021865
29.7448844725 10.4179786496 22.3784514947
0.550885672127 0.532728154668 0.642437303921
0.825128699225 -0.463181964986 -0.323458029777
0.125250173495 0.708281851056 -0.6947295974
1.27562479353 -2.65026333276 4.80910342531
-1.27562479353 2.65026333276 -4.80910342531
15.9169130311 29.3267268696 23.1846183715
0.420174777188 0.692949077675 0.585896520184
0.901599149495 -0.245632640153 -0.35606681918
-0.102820864832 0.677854100703 -0.727970938922
-0.448292910962 0.475900283935 7.17196016318
0.448292910962 -0.475900283935 -7.17196016318
17.0202227453 20.4509452899 16.2096348953
0.97954246102 0.162311437598 0.118960347523
-0.152113209252 0.984223748892 -0.0903614059664
-0.131750288914 0.0704173937461 0.988778666856
3.98679159031 -3.59810949538 5.92216119065
-3.98679159031 3.59810949538 -5.92216119065
27.86957569 29.7795790453 26.6892536735
0.383674192118 0.713319308335 0.586489282646
0.713120437364 -0.632368183527 0.302604894667
0.586731076488 0.302135805257 -0.751305929076
3.08183513089 2.25084408519 5.33002197686
-3.08183513089 -2.25084408519 -5.33002197686
28.2855048473 10.1844280861 10.9350311571
0.24742802596 0.870385929292 0.425684984536
0.00250268896039 -0.439918540361 0.898034194446
0.96890304392 -0.221133470865 -0.111026481281
0.110606259865 2.75467107971 11.6890874532
-0.110606259865 -2.75467107971 -11.6890874532
23.7884294453 16.9362840926 16.4850958635
0.451136612156 0.83585878556 0.312755252193
0.573604685417 -0.540042950684 0.615898754897
0.683705654532 -0.0984565996687 -0.723085662935
3.92457596538 -1.2845419712 9.72250541971
-3.92457596538 1.2845419712 -9.72250541971
17.6515968786 11.8998791974 27.5043009098
0.470082756275 0.855023334999 0.218991549746
-0.773670128225 0.279753930171 0.568482428265
0.424801994988 -0.436661007145 0.793013511798
-1.66819038169 -2.67196648879 10.0593650853
1.66819038169 2.67196648879 -10.0593650853
18.9818480295 13.6621037338 27.3833754705
0.756392183363 0.618472744753 0.21298433967
-0.338751065569 0.0918286299996 0.936384118986
0.559569996089 -0.780422300239 0.278966759251
1.66883859018 3.12937722554 8.45697784644
-1.66883859018 -3.12937722554 -8.45697784644
18.7881499469 12.9505803694 17.1971997188
0.281220108311 0.566496626648 0.774594618286
0.771520208051 0.346537834762 -0.533542967011
-0.570676632823 0.747658412027 -0.339610187826
-1.09577008434 1.95838352216 6.02225170648
1.09577008434 -1.95838352216 -6.02225170648
13.5945695019 18.7467140056 23.7848131581
0.055992608067 0.649060515483 0.758673365213
0.810928483185 0.413722850051 -0.413797533228
-0.582460147136 0.638399444382 -0.503176237924
-2.65678144119 0.040968774077 4.78956604168
2.65678144119 -0.040968774077 -4.78956604168
28.9643225849 14.9965464965 20.8476661101
0.795341246081 0.501475887211 0.340520538042
-0.297344230151 -0.166769266918 0.940092772235
0.528222217517 -0.848946374135 0.0164724850633
3.45643080639 2.90414532996 6.61146471125
-3.45643080639 -2.90414532996 -6.61146471125
15.3499515779 23.599364557 24.8973173499
0.151750083998 0.634362144846 0.757995106312
0.752277780803 0.423305062022 -0.504867274614
-0.641131852677 0.646836527767 -0.412979967832
-3.62676503417 -2.31013593498 8.19836318927
3.62676503417 2.31013593498 -8.19836318927
14.7274471871 28.4230027482 29.9243900834
0.465145920861 0.809924397941 0.357297833643
0.884777421396 -0.43831693755 -0.158262998977
0.0284286280725 0.389744444318 -0.920484155882
-0.288821471054 0.285667161469 11.2855106891
0.288821471054 -0.285667161469 -11.2855106891
16.229567103 23.0854989227 28.4021870103
0.706073776832 0.0756162673588 0.704089484215
0.697383401827 0.098378044398 -0.709914185826
-0.122948007415 0.992272110104 0.0167286276013
3.64709517069 -0.224952946187 6.39524413399
-3.64709517069 0.224952946187 -6.39524413399
24.5984264796 18.2691589723 15.5259058974
0.534447831003 0.704673257867 0.466691670788
0.567069792814 -0.708400662865 0.420238445326
0.626735483289 0.040051223453 -0.77820211609
-3.39583982254 1.53789752228 11.9740895654
3.39583982254 -1.53789752228 -11.9740895654
17.3895793402 24.0609692513 24.6348703962
0.706322626181 0.403498806591 0.581633098116
-0.49778387541 0.867296509134 0.00282464625657
-0.5033086142 -0.291522689209 0.813446347677
-1.85194154139 3.67342030982 11.5801801903
1.85194154139 -3.67342030982 -11.5801801903
14.6695373107 29.0390681373 14.9265315182
0.09318511106 0.644872841738 0.758587867729
0.98762028966 -0.156429512492 0.0116606635193
0.126185175551 0.748110169434 -0.651466404246
-2.4190504871 0.280020693317 11.4082461278
2.4190504871 -0.280020693317 -11.4082461278
20.1793258432 23.9696904815 14.1419950012
0.749484880118 0.657012342161 0.0812846647501
0.0607280519042 -0.190495828036 0.979807860355
0.659230246717 -0.729414917416 -0.182672822455
-1.23767845778 -3.31463512192 3.7558122846
1.23767845778 3.31463512192 -3.7558122846
15.0887522947 10.5077892231 13.804946124
0.916007812985 0.39209633649 0.0847947490245
-0.204208474721 0.273815202484 0.939853251173
0.345294925249 -0.878228727496 0.330886259607
1.65861704817 1.56999698546 2.51622206479
-1.65861704817 -1.56999698546 -2.51622206479
22.3375263185 23.7610143249 19.0377603486
0.215513790551 0.24942003767 0.944109872256
-0.587554489758 0.805354192737 -0.0786406116801
-0.779957388354 -0.537767857954 0.320112797782
3.59186373562 1.47615737345 10.1558363729
-3.59186373562 -1.47615737345 -10.1558363729
21.0179944433 10.4027777889 17.4021661258
0.920447965136 0.0670190180766 0.385076608863
-0.385097117758 0.324120748156 0.864086772558
-0.0669010715324 -0.943638803691 0.324145113795
-2.02672004603 -2.06708748401 4.97700279149
2.02672004603 2.06708748401 -4.97700279149
16.2424032532 25.3439124327 13.4262718405
0.652069140089 0.558318614848 0.51291925374
0.517748222755 -0.822137824528 0.236698490308
0.553843492674 0.111219251005 -0.825159174843
2.36558028872 0.293261176435 7.75134857027
-2.36558028872 -0.293261176435 -7.75134857027
25.1153144133 21.2784823423 16.7027397928
0.550370231163 0.45151654171 0.702300093416
0.699910773194 0.209106182277 -0.682934487414
-0.455211509319 0.867414213105 -0.200935473941
-3.40881100147 -3.04287441078 11.9328573443
3.40881100147 3.04287441078 -11.9328573443
24.2861957582 16.1846992767 23.3144180095
0.513163470037 0.60021774849 0.613516020506
0.0219060117153 0.705419206657 -0.708451741144
-0.85801129344 0.376991242972 0.348846990889
-0.643586660113 -0.761727107145 7.56208416681
0.643586660113 0.761727107145 -7.56208416681
24.5820225921 23.2369127449 21.3992474508
0.323034852413 0.83303728478 0.449107299309
0.0340657768766 -0.484476901823 0.874140523283
0.945773760987 -0.267078665875 -0.184880986751
-1.14126084341 3.0077329559 9.17198442609
1.14126084341 -3.0077329559 -9.17198442609
14.8538265704 21.0702346612 25.323733429
0.572426560143 0.470904399172 0.671250236561
0.46723699332 -0.860058752149 0.204911041493
0.673808151714 0.196336419679 -0.712344428624
-1.94912466857 3.47608719528 4.58232202728
1.94912466857 -3.47608719528 -4.58232202728
12.0970840625 16.3608277175 16.1899596756
0.189299490438 0.901571029028 0.389018486113
0.649386465501 -0.412116934453 0.63910629066
0.736520822071 0.131640844554 -0.663481549632
-3.81096916919 -2.25455381003 5.76121365271
3.81096916919 2.25455381003 -5.76121365271
24.5390756609 28.1125089127 10.4563068207
0.476557727033 0.0746112133044 0.875971403446
0.802693620028 0.369469133162 -0.468161843817
-0.358574518296 0.926242801046 0.116183425407
-3.62676167005 2.72689320327 2.24448304916
3.62676167005 -2.72689320327 -2.24448304916
27.203396231 26.2539714629 16.7077714391
0.340409150922 0.841413139515 0.419696960462
0.881207936657 -0.441191415751 0.169772515562
0.328015521495 0.312048174677 -0.891645531777
-1.35829469717 3.85999454527 3.54114854732
1.35829469717 -3.85999454527 -3.54114854732
16.3354334239 10.284375031 18.053629336
0.674089326329 0.0299150384883 0.73804381347
-0.462572920093 0.796086382301 0.390221431385
-0.575873140306 -0.604443183755 0.550471219853
0.520192749502 3.11591618392 4.5082068801
-0.520192749502 -3.11591618392 -4.5082068801
16.0967501412 22.6554575779 17.2097236916
0.441872625 0.896361881529 0.035832396211
-0.100381949092 0.00971296134273 0.994901564316
0.891443799447 -0.443216691613 0.0942704444848
2.25895573279 3.27628213166 7.10807507406
-2.25895573279 -3.27628213166 -7.10807507406
29.6013469592 22.6532921586 17.2646782744
0.660140816275 0.56423395766 0.495836811573
-0.523066548019 -0.128445708352 0.842557467683
0.539087645036 -0.815562223886 0.21033965375
-3.90200678043 -3.97165845741 2.16210558191
3.90200678043 3.97165845741 -2.16210558191
23.9643163991 15.1866607343 18.0354764157
0.220093994878 0.373794228555 0.901019704622
-0.0750128735892 0.927419714421 -0.36642290062
-0.972590202611 0.0130594028082 0.232158889091
-1.25771608052 -0.798382235114 2.07539735236
1.25771608052 0.798382235114 -2.07539735236
23.7412300874 21.2131899284 22.6921477152
0.648051202417 0.761330559444 0.0201350019279
0.507647220671 -0.4515199411 0.73377383582
0.567735799815 -0.465301538838 -0.679095383259
