-1.51416462071 3.6295562693 4.08737629834
1.51416462071 -3.6295562693 -4.08737629834
11.778245679 17.5259062814 24.2756238695
0.639437365387 0.526171738489 0.560591792093
-0.748140626174 0.257763385862 0.61142754303
0.17721585486 -0.810371111605 0.558473994257
1.48171511497 -4.56978579321 6.5055938441
-1.48171511497 4.56978579321 -6.5055938441
16.2795973322 25.7504496505 19.4674845814
0.399548064445 0.699005574321 0.593087304928
0.418630127399 -0.714699446904 0.5603155513
0.815542862535 0.0244112200203 -0.578181573301
4.90469712172 6.73483820324 8.38583559245
-4.90469712172 -6.73483820324 -8.38583559245
17.16225804 22.5453262265 11.6796474303
0.995554974526 0.0637526993667 0.0693244979813
-0.0656881935137 -0.0574680775866 0.996183959563
0.0674933621166 -0.996309697525 -0.0530248308647
6.17551828824 -5.99224015673 5.22977929323
-6.17551828824 5.99224015673 -5.22977929323
19.5492831109 28.2580669026 15.4994996414
0.298720965889 0.84356929282 0.44626968612
0.881957481277 -0.422661891712 0.208585537644
0.364577544233 0.331282015065 -0.870250217314
-2.02171022154 3.26972356756 7.83262264182
2.02171022154 -3.26972356756 -7.83262264182
15.7712263501 15.5392496298 19.8625281223
0.484858961033 0.106955696012 0.868027803124
0.526926372104 0.756417801848 -0.387531556687
-0.698040390154 0.645284889129 0.310398172636
-4.23709635092 1.77862102824 6.92039577768
4.23709635092 -1.77862102824 -6.92039577768
21.5956229116 25.352142947 25.9071046925
0.890487292506 0.38777420133 0.238041069288
-0.180738503768 -0.178661521493 0.967167852026
0.417571520988 -0.904273868649 -0.0890100856011
-0.175141087654 0.505173097058 8.39749263583
0.175141087654 -0.505173097058 -8.39749263583
17.8173368392 16.3629093425 23.6818749925
0.694602670266 0.553466778096 0.459566813427
0.18294676805 0.481922935826 -0.856901840344
-0.695742488655 0.679282569678 0.233489999811
3.5024486187 0.908777323234 2.57769130286
-3.5024486187 -0.908777323234 -2.57769130286
12.485843362 26.1683896564 20.4857078257
0.300744606673 0.938850290091 0.167668763795
0.937774914719 -0.25911669315 -0.23116389998
-0.173582518936 0.226756856846 -0.958358198688
-3.17083439603 -6.64224350138 2.52082288489
3.17083439603 6.64224350138 -2.52082288489
27.4243987414 22.7815463955 12.6811374899
0.267599485338 0.676699082124 0.685907331714
0.0560328140249 -0.721593597497 0.69004565342
0.961899599334 -0.146222543759 -0.231015429133
-7.15354722133 7.4543207077 4.97288145032
7.15354722133 -7.4543207077 -4.97288145032
10.5558605711 12.7476151553 17.6463892292
0.647529344249 0.697627906853 0.306628524303
-0.358430957292 -0.0762636456837 0.930435975875
0.672482711444 -0.712389752823 0.200668490008
0.688682175227 -2.10543267464 8.56552491705
-0.688682175227 2.10543267464 -8.56552491705
12.2943779246 22.6820677185 29.5455895573
0.066733165781 0.431428776278 0.899675439024
0.14972096387 0.887146324234 -0.43652609587
-0.986473678089 0.163831042225 -0.00539184949867
-0.155954550726 -3.06472524701 5.17546576594
0.155954550726 3.06472524701 -5.17546576594
15.3653169166 12.6302165583 16.2629715287
0.25413277412 0.772692590549 0.58168951652
0.961640360079 -0.266089028257 -0.0666666851482
0.103268344548 0.576318305759 -0.810674323919
-4.38948557358 -4.12348760168 8.28562882394
4.38948557358 4.12348760168 -8.28562882394
29.033746941 22.9117554851 22.3072554669
0.634979373346 0.477164541658 0.607548512968
-0.615028489505 0.788145842834 0.0237925938277
-0.467483852687 -0.388767450551 0.793926140689
-0.144576791057 -0.145774278517 3.00229817368
0.144576791057 0.145774278517 -3.00229817368
29.9607353465 29.8467963922 15.3260253712
0.774664540373 0.621386852088 0.117359404995
-0.630821789433 0.746352105937 0.212184834376
0.044257427224 -0.238404937062 0.970156877067
7.24368389592 -0.732590760819 9.25047810977
-7.24368389592 0.732590760819 -9.25047810977
12.0077416719 25.5320864071 29.3168351594
0.365760891411 0.795096145796 0.483777933824
0.929376529322 -0.284216036935 -0.235543013258
-0.0497818949028 0.535764279595 -0.842898807479
1.23309029473 4.83989178828 7.72319092988
-1.23309029473 -4.83989178828 -7.72319092988
14.1862253823 21.9173237635 21.8867741704
0.780993628889 0.151507094031 0.605883282566
-0.56397146127 0.587852623065 0.579970244434
-0.268300470569 -0.794653946076 0.544554830553
-6.61986771588 4.30139678262 6.85619378862
6.61986771588 -4.30139678262 -6.85619378862
21.7714571924 15.9270677578 11.8216763948
0.215496177534 0.165906491955 0.962307868302
0.96184377901 0.1340597246 -0.238504790351
-0.168576220886 0.976986707262 -0.130686768971
6.80113395386 -2.53208878281 2.1575479488
-6.80113395386 2.53208878281 -2.1575479488
29.6390765566 26.71360084 26.1460559858
0.599059452714 0.738514797172 0.309392415019
0.742832207073 -0.656827213616 0.129531168406
0.298878042434 0.152229779646 -0.942071127856
-6.11019627726 1.81061757263 7.70070640024
6.11019627726 -1.81061757263 -7.70070640024
16.6979471646 23.5746636779 16.3646283943
0.525585254874 0.0373622895061 0.849920113412
0.258664312933 0.944720138599 -0.201486061405
-0.810464627898 0.32574210512 0.486866683885
-3.34283138589 7.27470713067 8.56447130231
3.34283138589 -7.27470713067 -8.56447130231
16.5164444589 19.9906075679 25.9345662717
0.216180089509 0.926806516738 0.307076292527
0.913908622646 -0.0814119944342 -0.397672121999
-0.343565420776 0.36660846648 -0.864616119415
0.611204317451 4.32642799135 3.52743935679
-0.611204317451 -4.32642799135 -3.52743935679
19.3597948278 25.6113359356 19.8049049403
0.326850866625 0.613297908163 0.719050893073
0.884755099673 0.0688953208268 -0.460935839754
-0.332230228288 0.786841223253 -0.520099956548
-1.02341137229 -4.84994540071 6.56026587942
1.02341137229 4.84994540071 -6.56026587942
23.6464793189 22.7959602925 29.5873011625
0.636636951159 0.0434614874884 0.769937979012
-0.140660952018 0.988206017442 0.0605257273271
-0.758226805776 -0.146833123634 0.635241800267
3.36174931307 -7.20722507943 9.26819901656
-3.36174931307 7.20722507943 -9.26819901656
12.1987338719 24.3873376861 17.9705562145
0.671956710796 0.739791243216 0.0343961520523
0.376913107985 -0.381593298929 0.843992336009
0.637503480653 -0.554161953469 -0.535251194751
-7.09954261501 -3.06090288775 9.87817265276
7.09954261501 3.06090288775 -9.87817265276
15.9394403311 13.7678842997 15.5285702539
0.925206321803 0.230031856731 0.301792324264
-0.14688851576 0.950415070086 -0.274107567372
-0.349881445684 0.209276227607 0.913119069193
6.7510776411 7.11190873572 4.69151684681
-6.7510776411 -7.11190873572 -4.69151684681
11.2191996532 12.1622628861 10.4849442503
0.754054537924 0.207583447671 0.623145942849
-0.652232784572 0.348488701974 0.673162699
-0.0774218868624 -0.914037601442 0.398172217244
-7.27834494746 5.02619087741 9.51869218789
7.27834494746 -5.02619087741 -9.51869218789
12.49465536 24.2345471857 22.7829824951
0.855445732136 0.289389645869 0.429495322714
-0.153510168128 -0.650356074911 0.743956721932
0.494618264575 -0.702346501871 -0.511920075459
7.94998245011 0.355635074597 5.01621481593
-7.94998245011 -0.355635074597 -5.01621481593
27.0239541153 18.7048668948 29.9251900882
0.522204732813 0.5522215379 0.649887367247
-0.421045805556 -0.495751517191 0.759572816014
0.741635116922 -0.670284869501 -0.0263732263056
-3.27695354989 1.05338072875 5.26188657532
3.27695354989 -1.05338072875 -5.26188657532
25.9740464794 10.7390045157 25.8331648252
0.162580054595 0.340105873878 0.92622660316
-0.203258576652 0.930126638011 -0.305860079577
-0.965532846083 -0.13853675258 0.220349475424
5.84243122925 0.365871238359 5.63012807
-5.84243122925 -0.365871238359 -5.63012807
11.5489270777 15.4214590733 25.3843198549
0.863673552484 0.228213651168 0.44942910916
-0.479432316826 0.647189521354 0.592697542624
-0.155604139799 -0.72736803124 0.668373472549
-0.874428136445 7.33032455399 9.9928686492
0.874428136445 -7.33032455399 -9.9928686492
12.3443577428 10.6485356796 13.7183072751
0.427415816647 0.685990632485 0.588840022267
0.491831594329 -0.72295037982 0.485226164935
0.758562721533 0.0822167894122 -0.646392293456
-1.69939672681 -3.79811614962 2.8198263107
1.69939672681 3.79811614962 -2.8198263107
23.5675907949 28.7283534518 24.0736103344
0.193757304932 0.778764533742 0.596643870137
0.964836367763 -0.261373826317 0.0278299543448
0.177620072706 0.57027144756 -0.802023432245
-5.77672214662 -0.550007755056 5.01850310876
5.77672214662 0.550007755056 -5.01850310876
14.4100342498 19.5640055764 28.9535884361
0.221452083359 0.672923300704 0.705785524183
0.832041490182 -0.507853657221 0.223140362694
0.508592109055 0.53782794109 -0.672365356328
4.64049486082 1.65320300253 8.12164576791
-4.64049486082 -1.65320300253 -8.12164576791
28.9501454264 23.1730800137 11.5481375166
0.827848260158 0.55221259198 0.0986332165787
0.433490650212 -0.741371321002 0.512303055402
0.356024036173 -0.381352615901 -0.853121953775
-5.21587397798 4.09550097251 9.6436442707
5.21587397798 -4.09550097251 -9.6436442707
19.6616239662 19.4431446894 24.4999269617
0.493468194591 0.147376904031 0.857186787745
0.480547589981 0.775259832063 -0.409934392988
-0.724957346808 0.614208629823 0.311744453616
6.77260396132 -5.320330582 9.38412178165
-6.77260396132 5.320330582 -9.38412178165
21.1039821899 29.114810275 13.2995018333
0.808431677105 0.588528116198 0.00853697242686
0.00410487427812 -0.0201412282442 0.999788718146
0.588575715996 -0.808225826963 -0.0186986408545
0.709761032814 -7.55347364207 4.22515167904
-0.709761032814 7.55347364207 -4.22515167904
13.6808969801 26.6628152182 15.9704407204
0.548190084009 0.62337336439 0.557578048674
0.695907034291 0.0298058978678 -0.717513071711
-0.463897651878 0.781356037298 -0.417470611613
-6.34970698823 -5.14741945615 3.28244685126
6.34970698823 5.14741945615 -3.28244685126
10.2787281329 18.2717842131 19.3413633893
0.211648980549 0.962076896323 0.172083568635
0.534532941567 -0.261352045912 0.80372236654
0.818217112637 -0.0781226833854 -0.569576687487
-2.73795474358 -0.842825884146 6.202416677
2.73795474358 0.842825884146 -6.202416677
17.6145446745 10.7177520424 17.2218088603
0.588885758762 0.779389756808 0.213927955419
-0.215923109146 -0.103355104333 0.970924782537
0.778839376293 -0.617955766533 0.107423910489
-0.555122502088 -7.43915962912 4.30842289241
0.555122502088 7.43915962912 -4.30842289241
10.3115141873 24.0936604802 20.277270721
0.5018961448 0.848561549708 0.167462103749
0.0800052551596 -0.238330470763 0.967883126133
0.861219727469 -0.472378961283 -0.187506527767
3.11955110338 6.36893586153 5.88584744132
-3.11955110338 -6.36893586153 -5.88584744132
29.7608533305 20.2527955778 26.2894581574
0.934341154737 0.356372044677 0.00236058010014
-0.301186512557 0.78607948355 0.539783039929
0.190507982035 -0.505052483722 0.841800865684
-6.26978224987 -7.6100239956 4.93463797249
6.26978224987 7.6100239956 -4.93463797249
25.2242513301 22.0120667369 17.3903262602
0.700875264251 0.426660926623 0.571606785871
-0.699047894493 0.570178071651 0.431542590962
-0.141795293173 -0.702038047617 0.697880129057
1.89452382408 -6.46765878104 8.70640441759
-1.89452382408 6.46765878104 -8.70640441759
26.6308887706 14.028878704 10.3709678259
0.574773844203 0.715338260389 0.397399296984
-0.253287359846 0.617303279842 -0.744837011727
-0.778126301677 0.327456613798 0.535995918565
-1.92372819326 4.92440251687 6.59156441642
1.92372819326 -4.92440251687 -6.59156441642
13.79098698 13.257246198 24.0077067622
0.247467962289 0.737208388659 0.628715674475
0.426469142267 0.499780393455 -0.753885686966
-0.869990619682 0.454690389176 -0.190716993623
-7.20425332795 -6.87247397915 9.53925428461
7.20425332795 6.87247397915 -9.53925428461
10.8845885051 15.5894056913 16.3535216307
0.959636489491 0.0291429512824 0.279729327077
-0.266370846711 0.413336505525 0.870746521797
-0.090246219083 -0.910111873118 0.40441562575
0.929762148984 -4.1139343578 9.5721821073
-0.929762148984 4.1139343578 -9.5721821073
20.9557335131 26.5582427337 25.5505820868
0.206756495148 0.49343296834 0.844852447158
0.754914532183 0.468844070686 -0.458573098297
-0.622379145548 0.732604356483 -0.275563161632
-5.24277276062 -2.25661677017 4.76832520167
5.24277276062 2.25661677017 -4.76832520167
13.1934011167 22.57446862 11.153798319
0.364079696698 0.804420793021 0.469417897195
0.593083377495 -0.588851916531 0.549095190051
0.718121216642 0.0784895416727 -0.691477628023
-1.02574555167 5.22901186332 4.59606815701
1.02574555167 -5.22901186332 -4.59606815701
14.7036943285 15.7613794515 16.2455368204
0.499018602407 0.620376366635 0.6050732172
0.627338521915 -0.740305813986 0.241647844394
0.597851832291 0.258998968145 -0.758612365525
-4.86540055164 -4.65747994428 3.16637170608
4.86540055164 4.65747994428 -3.16637170608
25.0651890397 28.4098918191 18.2999663233
0.36241192443 0.67267682948 0.645107339993
0.630279863722 0.333008467835 -0.701322075609
-0.686589317145 0.660765649403 -0.303288420734
-6.61428771916 6.31554414128 5.66636562148
6.61428771916 -6.31554414128 -5.66636562148
23.2315865865 22.5820576066 11.0312442914
0.335706582382 0.941044561787 0.0416680126256
0.318020356463 -0.154865888643 0.935349993003
0.886658978086 -0.300751873254 -0.351260825191
-2.21018146836 5.33273854637 3.72905896849
2.21018146836 -5.33273854637 -3.72905896849
13.8231735631 19.6820461926 22.3647890363
0.256454793265 0.82084865189 0.510331685967
0.846614372872 0.063975533987 -0.528347645681
-0.466342194807 0.567551426518 -0.6785354343
-2.93389926981 -0.601777071015 3.26265366551
2.93389926981 0.601777071015 -3.26265366551
25.4194984304 19.8115816856 21.5681105621
0.333269227577 0.938168220799 0.0936590168222
0.684440820907 -0.309057686267 0.660321216709
0.648438420073 -0.155960687486 -0.745120043571
1.96324552915 -5.67745318918 2.92360232438
-1.96324552915 5.67745318918 -2.92360232438
22.8661841769 28.1614651664 22.4806441304
0.578275656104 0.514860938218 0.632862923432
0.80712711919 -0.247964039041 -0.535779477781
-0.118924677955 0.820629057273 -0.558949793213
1.51139391157 6.83041121115 6.07042641761
-1.51139391157 -6.83041121115 -6.07042641761
26.0956072522 13.4244963534 21.2791996255
0.0750425192299 0.235149846255 0.969057877587
0.720147727744 0.65941375051 -0.215779414826
-0.689750585743 0.714057459483 -0.119858558407
-2.44078099432 2.85213629109 9.50052368034
2.44078099432 -2.85213629109 -9.50052368034
19.4101740956 10.9775951011 18.8110628009
0.328450485574 0.693561599964 0.641165022113
-0.934206636702 0.338594170918 0.112302926777
-0.139205741508 -0.635866569711 0.759141269498
-4.38315047344 6.3323525868 6.80430210396
4.38315047344 -6.3323525868 -6.80430210396
20.7744417792 27.6253663674 10.0286694183
0.692923800087 0.386653886901 0.608568302672
-0.159611139524 0.905367344329 -0.39348984226
-0.703122244999 0.175524196526 0.689064848197
4.51487026322 -6.6741614266 4.55736647317
-4.51487026322 6.6741614266 -4.55736647317
23.9892105827 26.1413762542 16.6372865904
0.790841969684 0.367253957644 0.48958503815
-0.44466747096 0.894444200538 0.0473329947676
-0.420523268388 -0.255135459547 0.870669901872
-5.06250968324 4.74438937648 8.58415654155
5.06250968324 -4.74438937648 -8.58415654155
27.4365736952 10.750243041 15.1524101816
0.559452391124 0.627980832133 0.540974210604
-0.77569047539 0.626674573134 0.074721253849
-0.292091267337 -0.461431526731 0.837713338609
2.50465418664 6.10709443778 2.36466361052
-2.50465418664 -6.10709443778 -2.36466361052
17.217563821 21.4005438386 12.6606137703
0.0784835204978 0.718966396778 0.69059949125
0.957399032468 -0.247463842909 0.148824524463
0.277898236121 0.64949901213 -0.70775956624
-2.34469721066 -3.0411012011 8.92155775281
2.34469721066 3.0411012011 -8.92155775281
14.497566191 12.1638497777 29.6802103863
0.598422104677 0.30226787699 0.741973796825
0.447066334158 0.642527552393 -0.622326310932
-0.664847860414 0.704125326172 0.249368898516
3.6396778451 7.34251742414 9.36304556656
-3.6396778451 -7.34251742414 -9.36304556656
12.4500293356 24.0069792724 10.2812753675
0.117969249973 0.60842184829 0.784796859438
0.899124230126 -0.400902698078 0.175649211425
0.421495996258 0.684908666317 -0.59434101654
5.58491849288 -7.37391659466 2.01993469154
-5.58491849288 7.37391659466 -2.01993469154
27.1276717689 28.7434220582 24.613367907
0.994348138364 0.0248054963724 0.103230165563
-0.10091458651 0.52291299509 0.846391307727
-0.0329852385444 -0.852025050639 0.522460799603
-6.30592584627 -1.30646213721 9.93944621202
6.30592584627 1.30646213721 -9.93944621202
21.8301267242 23.1168169378 15.179435318
0.522926606561 0.555180538574 0.646778427083
-0.174788681246 0.812511586593 -0.556123941726
-0.834264155444 0.177762457346 0.521923200959
-3.37494972928 -6.05415052333 8.48179134248
3.37494972928 6.05415052333 -8.48179134248
17.0250977007 26.4170681229 27.2935254803
0.466986783288 0.826029734246 0.315591860439
-0.408862623295 -0.114751892225 0.905352615561
0.784062943587 -0.551821421632 0.284145067038
-0.588120712674 -5.96692328829 3.20833052302
0.588120712674 5.96692328829 -3.20833052302
12.6611217248 21.8792103678 22.9616796085
0.547365516095 0.309917744678 0.777394355089
-0.0183117483972 0.933117396668 -0.359105282481
-0.836693296054 0.182326398442 0.516431421169
-1.41251742858 -2.72926369131 9.94926679017
1.41251742858 2.72926369131 -9.94926679017
14.1314433139 20.2285711377 18.5324076725
0.533252393061 0.845317448871 0.032867855551
0.761932667256 -0.496806358385 0.415502169472
0.367560193523 -0.196524433346 -0.908998157993
2.97952838859 -4.83504221574 3.35671794195
-2.97952838859 4.83504221574 -3.35671794195
19.8411869599 16.8914800333 22.2978289732
0.0854519223396 0.929917406479 0.357703209513
0.932995149921 -0.200655950995 0.298759501195
0.349596938191 0.308205785892 -0.884754866813
4.30794290518 1.18324233091 9.5567091889
-4.30794290518 -1.18324233091 -9.5567091889
23.9315897706 13.1407640062 15.3610415985
0.325470693247 0.651281161971 0.685493746069
0.522244272937 0.480539268252 -0.704516097085
-0.788244725464 0.58729452554 -0.18372640814
2.97203180302 2.99345008235 2.06721522633
-2.97203180302 -2.99345008235 -2.06721522633
27.6214292594 29.352928054 20.2894694497
0.150932104177 0.691165009287 0.706760518044
0.699761801057 0.430299453444 -0.570241880386
-0.698249899183 0.580631819919 -0.418704869792
2.81554518681 1.86940583113 3.08689711831
-2.81554518681 -1.86940583113 -3.08689711831
27.4986977307 22.5227505828 22.1471748638
0.638310977095 0.545469451692 0.543159436806
0.273591196416 -0.820292936395 0.502262238023
0.719518556928 -0.17199585975 -0.672837625631
-4.91881785195 3.04297000219 6.71470340943
4.91881785195 -3.04297000219 -6.71470340943
17.0475461916 23.2657599402 19.5508536354
0.150867056185 0.768127471773 0.622269490226
0.840761383179 -0.430792819603 0.327929631375
0.519960986915 0.473706379191 -0.710804360145
-7.96380173588 4.42366979987 2.44323514014
7.96380173588 -4.42366979987 -2.44323514014
18.4371548267 26.2949478654 18.3100203178
0.652022680066 0.224243241581 0.724279913628
-0.492701114746 0.851389269319 0.179949780818
-0.576291624274 -0.474184859199 0.665610008262
3.19780292225 -6.62329052423 5.80949552738
-3.19780292225 6.62329052423 -5.80949552738
24.7215420959 25.3999260814 15.3652401248
0.425471051807 0.368162770548 0.826698589848
-0.559595009552 -0.610891658915 0.560057859825
0.711215726315 -0.700904811976 -0.0538946675572
-1.85520114446 4.29310623857 5.52436432966
1.85520114446 -4.29310623857 -5.52436432966
14.577526595 24.5619733334 29.1290391573
0.506686926589 0.451579391295 0.734400716082
-0.304859645945 0.890657228986 -0.337328173636
-0.806429758069 -0.0529693667352 0.588952707345
7.22313103186 1.96600544777 8.59533705592
-7.22313103186 -1.96600544777 -8.59533705592
28.9228131168 27.5077149667 25.2450269531
0.668096776829 0.619352608351 0.412370032034
0.296575041477 -0.72993562389 0.615822401142
0.682414787035 -0.289130301948 -0.671352163125
5.01481998069 -0.383031045922 7.58917915932
-5.01481998069 0.383031045922 -7.58917915932
11.4556561886 27.9422410311 23.7472451977
0.580926287487 0.0418954569872 0.812877247308
-0.493750355548 0.812087301067 0.311006112226
-0.647097546668 -0.582030056036 0.492448757707
-7.94573560841 -1.02369094059 5.78642331006
7.94573560841 1.02369094059 -5.78642331006
26.3642011037 11.0438231309 22.6699887935
0.385139013572 0.617269416526 0.686036739283
0.630201104881 0.367149623691 -0.684140132743
-0.674176911227 0.695830166955 -0.247600224402
5.50080168432 -6.91538312211 3.79261392764
-5.50080168432 6.91538312211 -3.79261392764
22.8801162362 19.2241548432 23.6480870262
0.208129333392 0.535937769227 0.818201007148
0.976045743726 -0.059597343951 -0.20924354888
-0.063378913968 0.842151330884 -0.535503734024
-5.82071190925 3.57580494351 8.75205337998
5.82071190925 -3.57580494351 -8.75205337998
22.9459601172 18.8846410973 28.3562611298
0.631491329526 0.11797250123 0.766355785316
0.741692250523 0.196270034525 -0.64138185121
-0.226078097673 0.973427225067 0.0364435351115
2.24313208094 4.23412172295 9.13894950755
-2.24313208094 -4.23412172295 -9.13894950755
11.2077837075 20.8857818898 16.2253510189
0.548483594917 0.781954288157 0.296164206715
0.829009747791 -0.462313684976 -0.314656788821
-0.109126459551 0.418107101011 -0.901819199125
1.61950141917 1.9767442911 2.72097747525
-1.61950141917 -1.9767442911 -2.72097747525
15.4913347119 17.1216099162 26.2013361711
0.102863468508 0.597237522601 0.795441040206
0.970103744058 0.116483644035 -0.212909103696
-0.219813176609 0.793560900164 -0.567400445118
4.17592099213 -2.14692571975 5.13690224844
-4.17592099213 2.14692571975 -5.13690224844
20.7210646577 11.3278465714 19.7287886502
0.443608016926 0.855812881588 0.26607562652
0.894823484748 -0.439519187979 -0.0781908852863
0.0500285764582 0.272776822893 -0.960775700374
0.757447070594 -2.72632169814 4.25827872151
-0.757447070594 2.72632169814 -4.25827872151
21.6942890232 25.6346219297 17.3598369317
0.449104445633 0.581785103702 0.678108612262
0.886457684962 -0.195172212634 -0.419643396455
-0.111794318663 0.789578305506 -0.60338058453
3.90208788543 -1.65568776889 8.25321287777
-3.90208788543 1.65568776889 -8.25321287777
20.2376232796 10.7065394743 27.9751212673
0.540963075887 0.816613277805 0.201250354134
0.281123384169 -0.401088982787 0.87183557553
0.792671806866 -0.415054673987 -0.446543418047
7.2720453384 7.40316134854 8.5027474717
-7.2720453384 -7.40316134854 -8.5027474717
15.1325170129 22.1702333726 17.9594826371
0.390583519267 0.826730777621 0.404920653722
0.897820784459 -0.244926116201 -0.365963162896
-0.203377367156 0.506485359054 -0.837920179726
-2.21082483512 0.322760135606 9.15367524813
2.21082483512 -0.322760135606 -9.15367524813
28.3812035029 28.7248844165 18.7197839083
0.546903040678 0.68760311562 0.477597130945
-0.660904029347 0.00441256780902 0.750457455982
0.513909455148 -0.726073332822 0.456852916457
3.52630778557 -2.3406953674 3.40021095466
-3.52630778557 2.3406953674 -3.40021095466
16.0734797621 29.1534937535 14.8009204824
0.46698727252 0.657560922052 0.591216137377
-0.790826027348 0.011436733593 0.611934143183
0.395622397967 -0.753314565713 0.525357100753
-6.96274700171 5.15322018101 2.84024135347
6.96274700171 -5.15322018101 -2.84024135347
29.5744723371 10.1048068759 19.1581105658
0.442813323913 0.679490500321 0.58498634184
0.728031281211 -0.653305993012 0.207754020592
0.52334196635 0.333892107526 -0.783982937817
-3.31590218904 -3.96951542887 4.88253018603
3.31590218904 3.96951542887 -4.88253018603
14.8505505742 24.2439134983 12.4910570292
0.17760653064 0.734762829217 0.65465983921
0.323140859053 -0.671893146703 0.666437982579
0.929535316965 0.0931836048577 -0.35676450258
2.06490985958 -0.185315323562 4.43815963488
-2.06490985958 0.185315323562 -4.43815963488
13.8485615503 28.0846601272 23.0512886937
0.533863932206 0.32087822797 0.782321203026
0.82556570923 -0.397857150172 -0.400188640268
0.182840262612 0.85950383994 -0.477307644498
4.56972773701 6.67498856117 4.27512208874
-4.56972773701 -6.67498856117 -4.27512208874
23.5027588443 17.3818380551 20.2555652995
0.391588893186 0.16214533429 0.905741149171
0.0381912769437 0.980638779574 -0.192065120105
-0.919347358238 0.109801978869 0.377814716942
4.37295671105 -3.18651702199 7.72671605337
-4.37295671105 3.18651702199 -7.72671605337
22.1879575692 20.9320052095 13.6507594901
0.661073762188 0.738014847488 0.135335013333
-0.251846024008 0.0483452636339 0.96655900786
0.706792091876 -0.67305038472 0.217825890313
2.07828252923 2.30746812571 8.05350124341
-2.07828252923 -2.30746812571 -8.05350124341
22.8902951882 26.7355973461 14.1933886266
0.943884489459 0.194164532925 0.267174483649
-0.231841423123 0.965657381693 0.117283313846
-0.235226752483 -0.172644013323 0.956484406344
6.16148356993 -0.483739128208 6.77514746287
-6.16148356993 0.483739128208 -6.77514746287
10.5712549278 27.0732251852 17.106128538
0.51758191875 0.776276240997 0.35986685739
0.395616829635 -0.590045409722 0.703799501687
0.758680618899 -0.221904511287 -0.612504780698
7.18723036642 -3.89819709459 6.57414807302
-7.18723036642 3.89819709459 -6.57414807302
21.1040799077 14.7566671019 20.7313149314
0.77253339599 0.634899490695 0.0097359537649
0.157774929185 -0.206784316293 0.965581336945
0.615060341593 -0.744407739919 -0.259919012287
-4.45792359819 2.37177221234 8.97231395545
4.45792359819 -2.37177221234 -8.97231395545
27.8457860176 15.7845962781 21.9148208845
0.411628377413 0.398865432353 0.819431782263
-0.546745255483 0.82743958769 -0.12811461404
-0.729130786975 -0.395284828444 0.558675397603
5.45698809305 -7.26257171898 9.95602774553
-5.45698809305 7.26257171898 -9.95602774553
24.1280784097 18.0295697239 11.5487507362
0.794210392522 0.428594934593 0.43073917218
-0.605850280256 0.504126236599 0.61546906948
0.0466400077511 -0.74977537944 0.660046657489
1.40348587252 5.46263668909 5.71659536995
-1.40348587252 -5.46263668909 -5.71659536995
16.9268774052 13.3392646936 27.8503004415
0.99942620013 0.0113652160089 0.0319077162867
-0.0321121331643 0.0182822994631 0.999317051005
0.0107741077218 -0.999768267846 0.0186367704119
2.75591069944 3.47254838564 7.89865544584
-2.75591069944 -3.47254838564 -7.89865544584
16.9761223789 24.6547004469 22.2873459977
0.39111820627 0.903599825157 0.174739533882
0.916816317228 -0.399132951388 0.0118628656559
0.080463589215 0.155564273191 -0.984543227958
3.20828502974 1.37764403161 6.27855420217
-3.20828502974 -1.37764403161 -6.27855420217
14.4317367437 21.1803759067 26.7166811433
0.390151944532 0.728031033697 0.56369519614
0.802636466285 0.031069840422 -0.595658768093
-0.451171988456 0.684839746941 -0.572222297576
-4.33291030201 1.02381526796 2.75713211575
4.33291030201 -1.02381526796 -2.75713211575
23.2305537192 23.8533425317 10.9451965856
0.564585553978 0.453337137838 0.689730811039
0.670183001904 -0.739559972878 -0.0624963236998
0.481765395394 0.497530386985 -0.721363720898
7.53227797628 4.5530482784 6.36757859536
-7.53227797628 -4.5530482784 -6.36757859536
17.0240341356 11.8442452985 14.0012613538
0.728540353912 0.674251455222 0.120888079863
-0.648447066435 0.735717322031 -0.195541361598
-0.220783501995 0.064070252029 0.97321613635
1.42091069798 -7.78147400747 6.11845978467
-1.42091069798 7.78147400747 -6.11845978467
17.3832909615 12.4044589377 16.9432883573
0.797083831841 0.112134093635 0.593366084355
0.279884883109 0.802090897243 -0.527555347586
-0.535090475738 0.586580035123 0.607949048169
5.2965308963 -7.93472415767 4.68620064165
-5.2965308963 7.93472415767 -4.68620064165
10.1687034224 15.7754546083 10.9834342726
0.821934884828 0.504162324377 0.26503470675
-0.236853040215 -0.120640926191 0.964026142939
0.517999693479 -0.855140992823 0.020253393516
-0.600342521775 -3.20954038139 6.49696881145
0.600342521775 3.20954038139 -6.49696881145
17.7784560533 10.3238951689 15.9779898491
0.0410498863129 0.917598154125 0.395384034049
0.997903068389 -0.0178318785014 -0.0622213002869
-0.0500437102339 0.397109118072 -0.916406010134
-1.1590105995 -1.16193925247 9.00448679813
1.1590105995 1.16193925247 -9.00448679813
23.9915661372 19.4197245471 19.6733897429
0.907485108069 0.285142497694 0.308487495113
-0.41979680776 0.642717594248 0.640846888296
-0.015537658347 -0.711061073364 0.702958555763
6.13392644969 -0.563812588754 2.97149742256
-6.13392644969 0.563812588754 -2.97149742256
27.2466138257 10.5601055551 19.3330146254
0.0910544211931 0.937394865741 0.336154663903
0.787359475117 -0.274444171653 0.552037547264
0.609732850783 0.214409100386 -0.763056084667
4.41526064753 -3.96298262121 9.91942794527
-4.41526064753 3.96298262121 -9.91942794527
17.5049612955 26.6346577438 15.2223064166
0.52066250784 0.687961339862 0.505588516271
-0.499055021956 -0.23524094141 0.834029846316
0.69271540909 -0.686564559484 0.220849423068
-6.46856231681 0.45606262141 9.30930432085
6.46856231681 -0.45606262141 -9.30930432085
23.7940344079 28.4333444883 21.5508827358
0.272792838832 0.795773927653 0.540673582811
-0.41910241118 0.60415561946 -0.677753020221
-0.865989166229 -0.0417114318042 0.498320098362
-2.85667360092 4.32546780441 6.71691062827
2.85667360092 -4.32546780441 -6.71691062827
16.5534805729 10.3432048674 10.8310922938
0.59173159576 0.601841185999 0.53632164362
0.737940540607 -0.672206201021 -0.0598546726451
0.324495727411 0.43119138459 -0.841888658165
-5.26432467585 7.87950126343 2.98126214881
5.26432467585 -7.87950126343 -2.98126214881
21.7138400096 23.1832005774 13.4328976614
0.738059890763 0.632954856506 0.233742908499
-0.241557147049 -0.0755947208212 0.967437637728
0.630014081078 -0.770489187341 0.0971013379566
-2.4618915414 -3.95759840373 6.53077111882
2.4618915414 3.95759840373 -6.53077111882
25.5453566761 20.850793052 16.1523581553
0.38571622354 0.804616314052 0.451459391373
0.769581234824 -0.550484268093 0.323592017189
0.508888708761 0.222619985048 -0.831548329535
-2.31325457557 3.98362159698 2.31848182774
2.31325457557 -3.98362159698 -2.31848182774
20.3048863833 22.9910585078 22.9950225926
0.273437912368 0.375526631515 0.885557145024
0.645232852056 0.611177954058 -0.45840601556
-0.713376670986 0.696736146254 -0.0751828956321
-6.5544535446 4.81450840279 4.97883043225
6.5544535446 -4.81450840279 -4.97883043225
23.3527647554 22.9324564191 10.3927956032
0.418105167958 0.531257601226 0.736853736957
0.765713873536 -0.642537306533 0.0287762678001
0.488743626456 0.552187622873 -0.675439484147
3.73171674989 2.18592418437 7.61645127566
-3.73171674989 -2.18592418437 -7.61645127566
21.1493157129 14.0437781844 12.4074217185
0.52486794291 0.527844573024 0.66775276056
-0.101159069445 0.817621607637 -0.566799567215
-0.845151161139 0.229945675009 0.482539637097
-3.23354927126 -3.934047275 7.79820191784
3.23354927126 3.934047275 -7.79820191784
19.375811186 20.8096456933 12.3794816739
0.667260003256 0.708642781956 0.229323997078
-0.137377669266 -0.185514606981 0.972991113312
0.732046080545 -0.680742049662 -0.0264347835307
5.55065869842 3.05058242861 8.15003978149
-5.55065869842 -3.05058242861 -8.15003978149
20.6722910972 17.6020063305 21.0326821721
0.561361328285 0.467651879476 0.682770223962
-0.33020535856 0.883081823222 -0.333363037352
-0.758839825184 -0.0383172691682 0.650149141812
5.84472831702 -6.94064148458 5.85881543595
-5.84472831702 6.94064148458 -5.85881543595
16.7513444804 23.1376774844 29.5605434606
0.441850483826 0.63532296392 0.633350520217
0.876141637251 -0.457290377127 -0.152516695681
0.192727739096 0.622294337515 -0.758686876175
-1.83529123077 -6.66630669405 3.88866880895
1.83529123077 6.66630669405 -3.88866880895
12.0819654648 29.6778906887 18.1823720765
0.700802956194 0.709078990727 0.0779884703029
0.248705812469 -0.345331870178 0.904926139684
0.668596018111 -0.614778727958 -0.418361661982
-6.93282902863 -1.98259168769 3.86098034717
6.93282902863 1.98259168769 -3.86098034717
24.3185112838 27.8309606513 19.7630778067
0.645999516645 0.622786818388 0.441385549534
0.536624843147 -0.781750791634 0.317646781027
0.542879730891 0.0316587842786 -0.839213512264
-7.97290407853 -7.40831534677 2.36033009625
7.97290407853 7.40831534677 -2.36033009625
14.7719483409 21.7795063577 29.1251386362
0.709100128652 0.640145731442 0.295618757967
0.674910658096 -0.737579733488 -0.0217195841628
0.204138705625 0.214917610409 -0.955059060792
7.89556297171 2.79007688027 9.94567959787
-7.89556297171 -2.79007688027 -9.94567959787
10.5869003119 10.69339692 26.7397019888
0.375189553588 0.667269191821 0.643416369487
-0.485164688052 0.732814750712 -0.477072076951
-0.789840505638 -0.133170442609 0.598679888479
-3.68405142406 7.56293714495 5.70395256389
3.68405142406 -7.56293714495 -5.70395256389
17.079206811 24.860488447 11.90964781
0.721620888626 0.0881632709044 0.686651680812
-0.0689884271959 0.996078549939 -0.0553906062784
-0.688842427564 -0.0074000009665 0.724873333744
-6.67035014339 2.36964827203 9.97730409598
6.67035014339 -2.36964827203 -9.97730409598
25.8053472162 14.6113443046 29.3020085348
0.143439753884 0.875361200146 0.461700992293
0.940042989973 0.0253504018558 -0.340112531566
-0.309425619508 0.482804439089 -0.819240904489
-4.68054039489 -5.51484032571 8.94460600955
4.68054039489 5.51484032571 -8.94460600955
29.9639513795 28.68345515 12.6197374086
0.681571189165 0.730419108835 0.0441433975706
-0.428577024621 0.34956368803 0.833142822077
0.593112508776 -0.586764989975 0.55129338693
-6.14866580462 -7.98318357427 8.67547893641
6.14866580462 7.98318357427 -8.67547893641
22.0526921689 17.1673306166 10.9786802414
0.391877059083 0.289103566573 0.873413704014
-0.254875910436 0.94630196762 -0.198873971043
-0.884008280982 -0.144677966098 0.444519566815
-7.97503688518 -5.8297503009 9.93714541759
7.97503688518 5.8297503009 -9.93714541759
16.7936966067 15.9407140386 23.2131836806
0.560185721461 0.565806737561 0.605024539339
0.03985404547 -0.747945251012 0.662562869884
0.827407766782 -0.347045583777 -0.441537937497
-5.19227588924 0.767383659367 7.2749161192
5.19227588924 -0.767383659367 -7.2749161192
28.3326630891 17.2542812438 23.0026731103
0.975667865109 0.151214533686 0.15876517816
-0.155877121013 -0.0308418981099 0.987294839684
0.154189948242 -0.988019707356 -0.00652056271844
-6.07317105932 0.949834224374 5.2363777405
6.07317105932 -0.949834224374 -5.2363777405
13.9319491773 27.2627273337 29.2712238767
0.0344582460252 0.499537044279 0.865606937746
-0.891444823312 -0.376198173135 0.252588720095
0.451817171288 -0.780344587937 0.432346582971
-6.11993582944 2.39600628098 3.57705341243
6.11993582944 -2.39600628098 -3.57705341243
16.8549114361 25.2405843062 21.8325291739
0.182663986483 0.673308543428 0.716442233114
0.86377783459 0.238150198271 -0.444040916508
-0.469597402583 0.699957204699 -0.538087531055
3.63105941231 2.82357450352 8.58945856226
-3.63105941231 -2.82357450352 -8.58945856226
13.3718622735 27.0458536891 16.8232035836
0.348006592011 0.78965160386 0.505313522913
-0.244973061828 0.596874321588 -0.764021755716
-0.904919670963 0.142096406538 0.40115956969
-3.13988582528 2.08065082229 4.47761863281
3.13988582528 -2.08065082229 -4.47761863281
24.766793498 20.3114275497 16.8069982094
0.6639403916 0.377940569217 0.645247303398
-0.631254705005 0.74584537665 0.212678563892
-0.400874860538 -0.548521285157 0.733773633976
4.12668200837 6.20437703283 2.74761947276
-4.12668200837 -6.20437703283 -2.74761947276
26.1352232389 20.8765624227 21.9536756223
0.287233421698 0.75825018462 0.585280803532
0.912895032492 -0.0316868132329 -0.406962658629
-0.290033827529 0.651193215098 -0.701304338714
-6.76323401003 -2.06922051951 7.52816301153
6.76323401003 2.06922051951 -7.52816301153
27.5508910754 21.3159001307 20.8287017882
0.565281981764 0.413700765781 0.713658151698
-0.486840588994 0.86572335149 -0.116229598609
-0.665914800857 -0.281735257072 0.69078413627
2.69190219715 -1.02556230499 7.88153064295
-2.69190219715 1.02556230499 -7.88153064295
15.8689458187 24.4557629637 20.6188757094
0.0905036278682 0.642430978665 0.760980637726
0.70063093397 -0.584113018345 0.409790527177
0.707760826626 0.496079045568 -0.502971363839
-1.23798002138 -7.50473431585 2.76351969315
1.23798002138 7.50473431585 -2.76351969315
14.8409319342 21.0800031157 29.059251584
0.70984607933 0.671551699623 0.212454367789
0.570384456668 -0.725026844145 0.386002133234
0.413255508434 -0.152821431752 -0.897700114039
4.89043987446 4.64273494291 3.07453322297
-4.89043987446 -4.64273494291 -3.07453322297
27.4346175638 24.8157747344 12.0518235776
0.706956281894 0.295314236707 0.642652563278
-0.502950394294 0.848757933213 0.163250946975
-0.497246132584 -0.438633642584 0.748563164485
-2.86215889117 6.57890726992 3.94850690106
2.86215889117 -6.57890726992 -3.94850690106
16.4455437383 10.6391237246 14.4837162475
0.0785829075208 0.795715623852 0.600550890935
0.924823312758 -0.283097057875 0.254082459058
0.372191572747 0.535436926052 -0.758142949183
-0.521540872518 4.40535264983 6.36439832353
0.521540872518 -4.40535264983 -6.36439832353
28.2487338658 16.4768755799 11.7869694724
0.683957275268 0.445856363138 0.577420599786
-0.398534169488 0.891315369734 -0.216165278031
-0.61104252009 -0.082274024611 0.787310627082
4.28023804055 -5.30184129957 9.42483085814
-4.28023804055 5.30184129957 -9.42483085814
24.3237052001 26.5352605497 21.4634328358
0.960497448245 0.190147466005 0.203195947513
-0.262342940415 0.862289803597 0.433165645253
-0.0928484438676 -0.469361519284 0.878111001347
-6.39187169583 0.480709909047 3.83325230442
6.39187169583 -0.480709909047 -3.83325230442
21.3572726441 17.9159307893 13.3805909734
0.68176352093 0.490735288805 0.542565551663
-0.186424200591 0.83369697936 -0.519803197413
-0.70742103373 0.253235508822 0.659869121954
4.49245011923 7.73081088326 5.26546975858
-4.49245011923 -7.73081088326 -5.26546975858
21.3743434799 22.2688794036 11.4131851462
0.396816318429 0.407744802504 0.822363049668
0.888148333476 0.0556868040214 -0.456170491814
-0.231795917074 0.911396267212 -0.340040434271
-7.05141837557 2.66547052883 8.04235249375
7.05141837557 -2.66547052883 -8.04235249375
25.654606012 28.8106411805 21.6724761397
0.582760486618 0.191798862931 0.789685640882
0.511706357738 0.668299047695 -0.539937946713
-0.631305646012 0.718741663624 0.291313580672
0.942628947121 4.34814614967 2.47762521737
-0.942628947121 -4.34814614967 -2.47762521737
14.2997803429 16.7715186884 28.9390125943
0.50615934089 0.0977264915206 0.856885204963
-0.192440807594 0.98130700934 0.00175755304912
-0.840695698337 -0.165789282751 0.515504274009
4.11056430779 7.63894777427 7.41745077231
-4.11056430779 -7.63894777427 -7.41745077231
26.9034930681 23.8039776994 12.0495370825
0.578938969013 0.705325833415 0.409078401869
0.354522000989 0.234053736971 -0.905280618938
-0.734264135698 0.669129521788 -0.114550696636
6.94550763484 -7.05193385019 9.98120470174
-6.94550763484 7.05193385019 -9.98120470174
20.9163551019 29.5908189579 20.8176322317
0.750104064657 0.32073465207 0.578336558716
0.0513618867917 0.843622854421 -0.534473980736
-0.659322264731 0.430615562259 0.616331395249
3.7969082068 4.30208651513 3.93581333144
-3.7969082068 -4.30208651513 -3.93581333144
13.1879682886 15.0827684984 20.4253845285
0.702008413633 0.256359156494 0.664427701161
0.0647624901665 0.906118438197 -0.418037313916
-0.70921788405 0.336495704045 0.619500310011
1.77743683063 -6.15196315127 4.92716336885
-1.77743683063 6.15196315127 -4.92716336885
29.803961755 14.144022861 17.118031855
0.820995417142 0.561343194051 0.104212971958
0.48836024819 -0.785010866236 0.381132795596
0.295754616228 -0.262014805657 -0.918628025153
5.74199634908 -3.50609159277 8.01323706628
-5.74199634908 3.50609159277 -8.01323706628
16.2497318066 28.5296759273 28.133185743
0.818278885672 0.46060441923 0.343894219562
-0.464440187716 0.882285365451 -0.0766018664598
-0.338695995396 -0.0970366059607 0.935878688617
3.10281627774 6.29829293701 7.2061550699
-3.10281627774 -6.29829293701 -7.2061550699
19.8847061912 27.9856906765 12.0234740858
0.69286491869 0.716562532819 0.0804757168883
-0.0434931430365 -0.06987222467 0.996607354342
0.719754507424 -0.694014415398 -0.0172464565302
6.94601311284 2.99901673454 6.62783867428
-6.94601311284 -2.99901673454 -6.62783867428
17.859974045 13.463013501 11.0193923264
0.774990126122 0.191645949332 0.602214359276
0.33646442238 0.681507608646 -0.64987619731
-0.534959808664 0.70627134266 0.463679623934
3.58282377343 -5.5879258753 6.35748420062
